0.0013343132
0.001354701
0.0013610369
0.0015264149
0.0015291696
0.0013885986
0.0013361584
0.0013390477
0.0013620179
0.001361109
0.0013509368
0.001401148
0.0013363735
0.0014055765
0.0013455221
0.0013405189
0.0015402539
0.0011108748
0.0013392607
0.0017452426
0.0013365899
0.0013747371
0.0013885979
0.0014109422
0.0013611334
0.0016731428
0.0014343911
0.0013493738
0.0020712398
0.0013387532
0.0013724647
0.0013377602
0.0013536807
0.0015544322
0.0010374731
0.0013759276
0.0013359002
0.0013451575
0.0061800266
0.0013642041
0.0014609047
0.0033398436
0.001044556
0.0013551814
0.0013397468
0.0014830874
0.0013458328
0.0013663819
0.0012933748
0.0013337428
0.0014285865
0.0014645068
0.0013486088
0.0013690674
0.0014339103
0.0013488065
0.0015716382
0.0013495892
0.0013344225
0.0016709754
0.0014896273
0.0013614907
0.0013449283
0.001336208
0.001345488
0.0014606856
0.0013399458
0.0013618013
0.0013439282
0.0013435163
0.001344206
0.0013460169
0.0013552262
0.0014306287
0.0013398036
0.0013435289
0.0015204767
0.0013688932
0.0013340348
0.0013554915
0.001339799
0.001352843
0.001457367
0.0014939045
0.0016114878
0.0016987111
0.001340464
0.0013414283
0.0013683744
0.0013600426
0.0013459655
0.0011456192
0.0013410616
0.001463981
0.0017927873
0.0014479726
0.0011472935
0.0014272335
0.001354043
0.0020205153
0.0013497581
0.0013589419
0.0014107944
0.0014417123
0.0013404986
0.001340512
0.0010794078
0.0013858106
0.0013456439
0.0013594177
0.0020722544
0.0013507401
0.0013555384
0.0013679848
0.0013415316
0.0013616995
0.0013521835
0.001340104
0.0013536949
0.0013835464
0.0013380839
0.0011232976
0.0013806439
0.0013388738
0.0013371578
0.0016629804
0.0013669169
0.0013643795
0.0013834107
0.0014065016
0.0014743507
0.0013394661
0.0013792464
0.0013342623
0.001341657
0.0013446856
0.0014110216
0.0012709039
0.0015577201
0.0013922276
0.0020692043
0.0014403597
0.0014094677
0.0010483629
0.0013458701
0.0011004517
0.0013522068
0.0013181581
0.001339248
0.0014136375
0.0013470984
0.0020339717
0.0013544874
0.0013376124
0.0010724114
0.0014085405
0.0013509671
0.0014144833
0.0017212164
0.0013345178
0.0013366445
0.0013512457
0.0010230327
0.0013477015
0.0013072074
0.0013340642
0.0013611399
0.0013641932
0.0015740629
0.001389561
0.0020867814
0.0013567158
0.0013641325
0.0013647095
0.0013689167
0.001352201
0.0014877759
0.0014924301
0.0013479841
0.0013722269
0.0013622359
0.0014030782
0.0013387862
0.0013712588
0.0022658277
0.0013394067
0.002032273
0.0011062726
0.0013614318
0.0015216847
0.0013531708
0.0013426521
0.001412187
0.0013401769
0.0014583124
0.0013443577
0.0013617113
0.0013517214
0.0014156334
0.0013888209
0.0013954398
0.0014147614
0.0013429961
0.0013383337
0.0014674972
0.0013624156
0.0013459047
0.0015993973
0.0013356368
0.0013643535
0.0013432782
0.0013399017
0.0013956166
0.0014697663
0.0013451588
0.0013357468
0.0015326908
0.0013390464
0.0013540727
0.0013447816
0.0013511922
0.0013426042
0.001383105
0.0013392053
0.0011682315
0.001344752
0.0013637461
0.0013569419
0.0013469537
0.0013509
0.00152452
0.0013666553
0.0014394391
0.0013648785
0.0010580291
0.001364744
0.0013365612
0.001427591
0.001402073
0.0013636053
0.0013486568
0.0013517572
0.0011082386
0.0014623823
0.0014148336
0.0014886906
0.0013399568
0.0013403683
0.0013532909
0.0013446587
0.0013370024
0.001339336
0.001360812
0.0013391599
0.0020861716
0.0015075842
0.0013625447
0.0020568704
0.0014177752
0.0014548101
0.0013349591
0.0013440542
0.0010947109
0.0013370367
0.0013452087
0.0013358912
0.0013339333
0.0013565161
0.0013951104
0.0013359509
0.0013544899
0.0013470068
0.0014586659
0.0013812351
0.0013637715
0.001405385
0.0014515028
0.0025084373
0.0014379806
0.0015282336
0.0013482049
0.0013385683
0.0015213515
0.0013536098
0.0013584425
0.0014591563
0.0013398736
0.0013582543
0.0013487943
0.0013462079
0.0021662968
0.0013476021
0.0013924756
0.0015191663
0.0014616144
0.00133381
0.0013644625
0.0013584425
0.0014270255
0.0013606476
0.0015373639
0.0010370096
0.0013443142
0.0020414665
0.0013418603
0.0020300325
0.0013501002
0.0013418052
0.0014110537
0.0013557348
0.0013955801
0.0013535867
0.0013508707
0.0015679686
0.0013686874
0.0014332763
0.0013584632
0.0013343913
0.0013724752
0.0013372328
0.0014368267
0.0011008626
0.0013490835
0.0013423759
0.0013395465
0.0013856087
0.0015274755
0.0013529989
0.0013601072
0.0013367102
0.0015058102
0.0023954485
0.0013415329
0.0010599965
0.001366136
0.0013707901
0.0013397301
0.0013397723
0.0013449999
0.0014499197
0.0013471016
0.0013961417
0.0025071895
0.0010890933
0.0013310994
0.0013418027
0.0013679366
0.0013376775
0.0013349061
0.0013412328
0.0010061676
0.0013344715
0.0013361427
0.0013669715
0.0014850249
0.0015353091
0.0013432187
0.0013635923
0.0013938381
0.0010929056
0.0014103416
0.0013478505
0.0013456368
0.0013418798
0.0013377322
0.0013142894
0.0013630702
0.0012166401
0.0010915208
0.0013664016
0.0013405827
0.0010348393
0.0014103042
0.0011022908
0.0013604894
0.002178784
0.0013461995
0.0013417337
0.0014145108
0.0013512509
0.001351317
0.0011308409
0.0013376462
0.0014797548
0.0012666138
0.0014619228
0.0015285793
0.0012446898
0.0015091808
0.0014145552
0.0015210588
0.0013367935
0.0013340097
0.0014296821
0.0015311554
0.0013404947
0.0013495075
0.0015611249
0.0014597366
0.0013509806
0.0013464933
0.0013607951
0.0013420096
0.0013450915
0.001448416
0.0013430006
0.0013471633
0.0013349387
0.0013550816
0.001449533
0.0013893507
0.0013359962
0.00133814
0.0013502815
0.0013401641
0.001340704
0.0013340457
0.0013809504
0.0013801148
0.0016125645
0.0013364601
0.0013340311
0.0013403932
0.0013561479
0.0020301288
0.0013506558
0.0014394651
0.0015802567
0.0013348
0.0017956209
0.0014113401
0.001412142
0.0013363964
0.0013496618
0.0014806979
0.0015372548
0.0013439705
0.001350293
0.0014900927
0.0013617035
0.0013399693
0.0016055952
0.0028143628
0.0013356484
0.0013442507
0.0015115682
0.0015333558
0.0014491176
0.0013924184
0.0013226671
0.0013507523
0.0013487674
0.0013774001
0.0013435365
0.0013625958
0.0014363712
0.0013703117
0.0013687941
0.0014485684
0.0013442201
0.0013610817
0.0013533772
0.0014083647
0.0013450818
0.0014365824
0.0014229788
0.0013531394
0.0013616021
0.0014299578
0.0015511469
0.001337736
0.0013350098
0.002325541
0.0014628961
0.0013613675
0.0013361915
0.0013918112
0.0013971712
0.001376486
0.0013494472
0.0013550112
0.0014371112
0.0017880991
0.0013862804
0.0010718814
0.0013477427
0.0014156875
0.0015201293
0.0013339396
0.0013439782
0.0014270698
0.0013727196
0.0013431119
0.00134632
0.001705004
0.0014149009
0.0013338629
0.0015073373
0.0017410789
0.0016824235
0.0014621816
0.0013465636
0.0013594157
0.0016327013
0.0013407315
0.0013442687
0.0013681399
0.0031306352
0.0013600477
0.0020344006
0.0010161613
0.0013617272
0.001341418
0.001349154
0.001626117
0.0021070563
0.0014326082
0.0013699197
0.0013974521
0.0013760292
0.0015613494
0.0013494266
0.0013939091
0.0014310007
0.0013465997
0.0014176929
0.0017502275
0.0013638105
0.0016114748
0.0013922885
0.0013720493
0.0013417241
0.0013548338
0.0013632476
0.0013444813
0.0010564921
0.0013453254
0.0013485857
0.0014082158
0.0010692226
0.0013607725
0.001347055
0.001146533
0.0013408829
0.0013364301
0.0014260027
0.0013538548
0.0013536633
0.0013566194
0.0014014037
0.002325541
0.0013594177
0.0010091541
0.001048898
0.0013418997
0.001385129
0.0014143358
0.001340196
0.0013601228
0.0013474297
0.0013555798
0.0014902814
0.0013392097
0.001357347
0.0013612502
0.0018379819
0.0013390045
0.0013368063
0.0018271193
0.002325541
0.001335128
0.0013494182
0.0011547981
0.0013675173
0.0017772042
0.0013388731
0.0013496174
0.002019432
0.0015543026
0.00133582
0.001337401
0.0013352991
0.0014678814
0.0010402922
0.0013368082
0.0014093401
0.0013561758
0.0013675992
0.002161321
0.0010670765
0.0013397282
0.0013351624
0.0014010186
0.0013407354
0.0013553384
0.0013308878
0.0013368612
0.002031164
0.0022683234
0.001369887
0.0013521165
0.0013851824
0.0010890395
0.0024337708
0.0013368985
0.0013592603
0.0015889814
0.0013427217
0.0013416609
0.001500845
0.0013683465
0.0013422859
0.0013445037
0.0013445056
0.0013612062
0.0013441766
0.001410601
0.0013695047
0.0010293484
0.0013437254
0.0013449206
0.001359039
0.0013942603
0.0013548107
0.001334814
0.0013404002
0.0014808577
0.0015683756
0.0013507059
0.001340971
0.0014691596
0.0011002733
0.0014185781
0.0014433867
0.0013542017
0.001380999
0.0014299939
0.001367669
0.0017130125
0.0013643231
0.0013554461
0.0013465694
0.0013370094
0.0013159254
0.0013376692
0.0013381998
0.0014574724
0.001341031
0.002325541
0.0014071019
0.0016724644
0.0014301069
0.0013340361
0.001079265
0.0013421292
0.0013370585
0.0013483667
0.0013364517
0.0011641324
0.0013336233
0.001080521
0.0014021765
0.0013864012
0.0013510687
0.0013492287
0.0013759763
0.0013399814
0.0013376297
0.0013198503
0.0013336741
0.0021044153
0.0013003207
0.0013587542
0.0015058956
0.0013633001
0.0013634221
0.0013529989
0.0015359977
0.0013535524
0.001346302
0.001459323
0.001596584
0.0013416812
0.0013466778
0.0014353736
0.002030933
0.001347019
0.001347497
0.0010332224
0.0014433209
0.0015203377
0.0013463624
0.0015603907
0.0015555249
0.0013620511
0.0013658772
0.0013440511
0.0013606093
0.0013613462
0.0013356368
0.0013479828
0.0013465168
0.0013412149
0.0013372266
0.0013846799
0.0013534933
0.001366438
0.001349257
0.0010285053
0.0013500436
0.0013486339
0.0013368839
0.0013470459
0.0016397395
0.0020213355
0.0014045206
0.002325541
0.0011001145
0.0013528456
0.0013464515
0.0013865036
0.0013376571
0.0013574434
0.001066608
0.0014633533
0.0013346971
0.0018636546
0.0015027978
0.0016846523
0.0013341416
0.001105831
0.0013396498
0.0014002082
0.0016053629
0.0013350899
0.0013364275
0.001349978
0.0013496425
0.0013504473
0.0010524326
0.0016245866
0.0014763492
0.0014738847
0.0013423293
0.0036608432
0.0014350333
0.001345554
0.0014266805
0.0013518153
0.0013630184
0.0013736238
0.0010894435
0.0018303233
0.002325541
0.0015308652
0.0013736377
0.0014794561
0.0010442756
0.0013338361
0.0014195708
0.0015606292
0.0015062197
0.0010074291
0.0013495648
0.0013752203
0.0018368162
0.0014895053
0.0013430031
0.0013408087
0.0014798808
0.0014745208
0.0013422614
0.0014163272
0.0010285636
0.0011159376
0.0013451421
0.0013533701
0.0015306162
0.0013437809
0.0014064682
0.0013881762
0.0014618495
0.0013533728
0.0013945444
0.0013733428
0.0014716296
0.001353367
0.0013618583
0.0013964211
0.0021022873
0.0015302482
0.0013414973
0.0014008898
0.0013779919
0.0013377207
0.0011345138
0.0013620944
0.0013401418
0.0013403491
0.0019436624
0.0013357322
0.0010481881
0.0014393938
0.0014735927
0.0013403555
0.0010655066
0.0013597187
0.0013905811
0.0011227487
0.0012840322
0.0013497659
0.0013361216
0.001333113
0.0013523239
0.0018347924
0.0013803277
0.0010299085
0.001344738
0.001376922
0.0012940433
0.0013832018
0.0014932574
0.0013410118
0.0013470466
0.0015055743
0.0013533275
0.001365314
0.0014408792
0.0011527775
0.0013982721
0.0016544107
0.0011466105
0.0010134127
0.002325541
0.0013872874
0.0013720192
0.00144105
0.0013385529
0.001343335
0.0013608808
0.0013577498
0.0014099878
0.0013618519
0.0013327644
0.0013412354
0.0013395164
0.0013473859
0.0013341409
0.0013338609
0.0013475873
0.002325541
0.0013411804
0.0016148076
0.0013410987
0.0014136322
0.0013400684
0.0013615497
0.0013713033
0.0015363006
0.0010479116
0.0013556179
0.001495127
0.0015023242
0.0014676794
0.0025180446
0.0013397863
0.0013381075
0.0013397966
0.001344599
0.0013762395
0.0013338304
0.001341878
0.0011149124
0.0013875451
0.0013446868
0.0015350292
0.0014112823
0.0021402522
0.002325541
0.001458907
0.0013611608
0.0013392213
0.0013533508
0.0017036434
0.0013830576
0.001397281
0.001346229
0.0013753414
0.0013681868
0.0013362603
0.0015496757
0.0013394431
0.0013723635
0.0021148562
0.0014386867
0.0013467534
0.001338163
0.0013445838
0.0013039825
0.0013709076
0.0013461187
0.0028275524
0.0015550747
0.0010571989
0.0017849274
0.0013710015
0.0013928986
0.0013348903
0.0014582742
0.0013390636
0.0021442766
0.001347431
0.002175963
0.0013482551
0.0013496927
0.00135098
0.0013517701
0.0010470763
0.0013532161
0.0013715011
0.002325541
0.0013067182
0.0013521346
0.0013409172
0.002325541
0.0013425791
0.0013532748
0.0013472628
0.0013352648
0.0013650487
0.0013532708
0.001481577
0.0013536969
0.0013741258
0.0010342223
0.0013488804
0.0014068204
0.0015323383
0.0014855795
0.0013608341
0.0013522003
0.0013544223
0.0015469313
0.002325541
0.0014628286
0.001539342
0.002017722
0.0013344181
0.001473844
0.0013977675
0.0013713256
0.002325541
0.0013438374
0.0013392486
0.0015310016
0.0013379387
0.0014364375
0.0013616444
0.0010787876
0.001363739
0.0013461713
0.0013501362
0.0013407219
0.0013597497
0.0013885907
0.0013476298
0.0014344219
0.0015215086
0.0013357729
0.0013363506
0.0014168087
0.00142028
0.0013412755
0.0015714571
0.0013520651
0.0013549681
0.0013408087
0.0015802567
0.0013329871
0.0013357947
0.0014769124
0.0013717565
0.0014893522
0.0013448969
0.0015025747
0.0013539535
0.0013439764
0.0010556767
0.0014345945
0.0010115803
0.0013485786
0.001401503
0.0010143149
0.0014597004
0.0013567402
0.0013549693
0.0020774119
0.0014152607
0.002582713
0.0013529925
0.0013612295
0.0014444168
0.001338527
0.0014849565
0.0022861755
0.0013577039
0.0013560718
0.0013412635
0.0013531226
0.001361278
0.0014236823
0.0014078968
0.0013365503
0.0013337923
0.0020493718
0.0013448098
0.0013642157
0.0014116894
0.001371729
0.001353889
0.0013369042
0.0013704462
0.0013341543
0.0013489698
0.001355629
0.0013654701
0.0013427422
0.00101101
0.0014878354
0.0013381896
0.0016431498
0.002325541
0.001334922
0.0014117393
0.0013417107
0.0013736855
0.0013541346
0.001136981
0.0012050604
0.0014909834
0.0013835819
0.0013652159
0.0013885914
0.0018014876
0.0014757008
0.0013416397
0.0013401103
0.0015377306
0.0013478852
0.0013703803
0.0025890341
0.0013494581
0.0013396549
0.0025130515
0.001461368
0.001361879
0.0013474155
0.0013407073
0.0014459898
0.0013048528
0.0015614749
0.0014053275
0.0013627497
0.0015043183
0.0010044388
0.0013554895
0.0013378513
0.0016395102
0.0013672
0.0013613618
0.0013007945
0.0018520146
0.0010217013
0.0013640424
0.001394166
0.0013806432
0.0014434631
0.0014510219
0.0014082775
0.0013644613
0.001357256
0.0013476593
0.0015692995
0.0010404577
0.0014168703
0.0013466354
0.0011243969
0.0013901753
0.001384701
0.0013824584
0.0013443187
0.0014182647
0.0013932848
0.0014295739
0.0018051408
0.0014114327
0.0013725419
0.0013417132
0.0013338539
0.0014202658
0.0013520767
0.0013608575
0.0016221497
0.0013497634
0.0013471993
0.0013625673
0.0013478628
0.0013703489
0.0015266038
0.002325541
0.001337452
0.0013342395
0.0010827983
0.0013626971
0.0014000256
0.0013343049
0.0013671664
0.0013604148
0.0011820401
0.0015673551
0.0013435009
0.001360921
0.0014476529
0.001056302
0.0014062539
0.0014180925
0.0013363098
0.0014786925
0.0014873955
0.0013397512
0.0013446675
0.0013902691
0.0013629069
0.0013409774
0.0015492324
0.0013383605
0.0013613811
0.0013475496
0.002325541
0.0013979191
0.0014695709
0.0013733957
0.0010952548
0.0014174861
0.0010618444
0.0013534126
0.0013485813
0.0020519276
0.001358319
0.0013575966
0.0014113636
0.0021297724
0.0013474867
0.0013665513
0.0016544776
0.0013718989
0.0013374863
0.0014588743
0.0013416997
0.0010075106
0.0017225099
0.0013457546
0.0014248705
0.0013406741
0.001600815
0.0015237146
0.0013369055
0.0013658629
0.0013621185
0.0013453998
0.0016039313
0.0016543997
0.0014681219
0.002325541
0.0015090225
0.0013568597
0.0013371044
0.0013587808
0.0010655407
0.0013596469
0.0013334785
0.0021094098
0.0013741493
0.0014452222
0.0025050533
0.0016332407
0.0014125691
0.0010366234
0.0013337827
0.001335217
0.001640993
0.0013447617
0.0013471717
0.0014321227
0.0013890067
0.0013454803
0.001445954
0.0016780627
0.0011233413
0.0015594906
0.0015832555
0.0013203808
0.0013355972
0.001342576
0.0013643003
0.0014399594
0.0013985877
0.0013608524
0.0013470652
0.0013008001
0.0013832933
0.0013534409
0.0015323012
0.0013996863
0.0019147798
0.0013720322
0.0013847551
0.0013369509
0.0013372941
0.0017599219
0.0015741617
0.0013396727
0.001336842
0.0013683452
0.0015291419
0.0014506544
0.0013703182
0.0013681646
0.0013673094
0.0013481805
0.0014610926
0.0013417591
0.0010911993
0.0013695257
0.001823008
0.0013537111
0.0014620085
0.001333633
0.0010348024
0.0014094516
0.0010228134
0.0013532856
0.0013338984
0.0014840785
0.0013442086
0.0021135674
0.0013688606
0.0013399421
0.0013528662
0.0017021179
0.0013544417
0.001449123
0.001387193
0.0013399745
0.0016472184
0.0013370763
0.002428837
0.0010866207
0.002325541
0.0019338506
0.0013486441
0.0013972545
0.0014783054
0.0013383938
0.0013346018
0.0013341125
0.0014397426
0.0014196275
0.0013610041
0.0013491374
0.0014133555
0.001439949
0.0014655279
0.0016095082
0.0013895975
0.0013393831
0.0014116176
0.001530039
0.0013706433
0.0013556179
0.0013453043
0.0015138673
0.0014639365
0.0013523168
0.0014416559
0.0013501826
0.0013524817
0.0013406089
0.0010446426
0.0014676563
0.0013643638
0.0013547996
0.001409261
0.00141917
0.0017329957
0.0014636068
0.0013373806
0.0013462265
0.001446144
0.0011033751
0.0014242411
0.0016868068
0.0010494062
0.0013580738
0.002041994
0.001466941
0.0014209903
0.0013723511
0.0014317572
0.0010260165
0.0014489788
0.0014254047
0.0013408401
0.0014260787
0.0013457291
0.0013509323
0.0013502822
0.0013787439
0.002325541
0.0013614304
0.002502356
0.001364538
0.001387865
0.0024562157
0.0013373336
0.0013403203
0.0014592592
0.0014548094
0.0013691657
0.0016307452
0.0010607418
0.0013431988
0.001527368
0.0013455267
0.0015069377
0.0018211285
0.0014172683
0.0013735697
0.0013513094
0.0015098333
0.0015170975
0.0013607136
0.0032013024
0.002325541
0.0010372329
0.0013633495
0.0013343348
0.0013437555
0.0013686079
0.0015008607
0.0013406045
0.0011930185
0.0013357302
0.0013438278
0.0014172554
0.0015497325
0.0013401986
0.0011084466
0.0016034914
0.0013665799
0.0014894103
0.0015057966
0.0013671981
0.0011032689
0.0016348945
0.0013571177
0.0013533966
0.0015258692
0.0013379998
0.0013529989
0.0010880966
0.0013718478
0.0014834999
0.0013389948
0.0013482429
0.0013791274
0.0016438602
0.0013355846
0.0013486301
0.0015362634
0.0013637565
0.0010796629
0.0015527267
0.0014085257
0.002325541
0.0013539335
0.001476925
0.0013444532
0.0012107475
0.0013439058
0.0015588737
0.0013432386
0.0013360438
0.0013630003
0.0016354122
0.001215235
0.0013342446
0.0013695909
0.0023551784
0.002325541
0.0015337691
0.0013445581
0.0013511216
0.0013704807
0.001333859
0.0013470984
0.0017833852
0.0013069635
0.0013390777
0.0013441171
0.001430709
0.0013544547
0.0013518963
0.0017321875
0.0013709769
0.0013404825
0.0014996757
0.0013664354
0.0013359714
0.0013394329
0.002325541
0.0014085779
0.0013536543
0.0010495681
0.001430041
0.0010334414
0.001548902
0.0013670602
0.0013680232
0.0013455726
0.001423214
0.0013389827
0.0013374259
0.0013954518
0.0013611193
0.0015164426
0.0010672392
0.0013630093
0.0012599983
0.0013368471
0.0019592955
0.0013558057
0.0013667425
0.0013543764
0.0013558387
0.0010842124
0.001354597
0.0013630898
0.0013361152
0.0017065785
0.0013448239
0.0014260312
0.0013355757
0.0013497107
0.0014917518
0.0013599183
0.0017111502
0.0013586055
0.0013851271
0.0013469511
0.0013442802
0.0025122438
0.0014198316
0.0033376731
0.0014565921
0.001362671
0.0013498636
0.0015295432
0.0010977524
0.0013454419
0.0013678402
0.0013338495
0.001339281
0.0013575591
0.0013617325
0.0013342599
0.0010173877
0.0010510205
0.001340533
0.001360801
0.001350823
0.0013636675
0.0014301968
0.0013388756
0.0015870597
0.0014831659
0.0015327658
0.0013669097
0.0013782778
0.0010404013
0.0013483443
0.002325541
0.0014193119
0.0015156802
0.0013385823
0.0013517985
0.0013727269
0.0014533652
0.0015749295
0.0014777151
0.0013632384
0.001353851
0.0015381302
0.002030558
0.002104333
0.0013481446
0.0014382243
0.0017485479
0.0013732832
0.001345139
0.0013370591
0.0013768623
0.0013951728
0.0014075126
0.0013380788
0.002377997
0.0013544662
0.001836158
0.0013495757
0.0015833791
0.0013402463
0.0013686639
0.0014537832
0.0013490719
0.0017109972
0.0013863267
0.002325541
0.0010283476
0.0013641111
0.0013932177
0.0013577712
0.001384788
0.0013717447
0.0015068186
0.0013538935
0.0013999817
0.0013382343
0.002325541
0.0013459135
0.0015903483
0.0014717081
0.002033755
0.0013362668
0.0013451781
0.0020432684
0.0013492878
0.0016469808
0.0013559309
0.0010235221
0.0013469221
0.0014443548
0.0013738046
0.0013475142
0.0013749623
0.0014730596
0.0020504273
0.0014228291
0.0013505953
0.0013654076
0.00130039
0.0014035198
0.001408413
0.0015418071
0.0013659579
0.0013388437
0.0014411111
0.0014156807
0.0014226659
0.0013430441
0.0013494233
0.0014023107
0.0012110458
0.0013626951
0.001341556
0.0020641587
0.0015585235
0.0013600761
0.001355352
0.0013449859
0.0016265367
0.0013989486
0.005404964
0.0013879575
0.002325541
0.0013360458
0.001488921
0.0013633573
0.00104429
0.0014179873
0.0013399011
0.0014980308
0.0013278668
0.0013495795
0.0015571639
0.001341885
0.0013357144
0.0013646029
0.0022142266
0.0013787452
0.0013443405
0.0013633007
0.0017760415
0.00150436
0.002071782
0.0015037003
0.0013403778
0.0013448988
0.0013404442
0.0013488984
0.001336399
0.0013656899
0.0013558005
0.0013471306
0.0014547631
0.001043572
0.002325541
0.00134495
0.0012090409
0.0015617767
0.0013954439
0.0013342928
0.0014895167
0.0015310557
0.0014002715
0.0013609249
0.0011734752
0.0013447106
0.0014526615
0.0010639046
0.001394405
0.0016529519
0.0013364563
0.0013404755
0.0016049348
0.0013345069
0.0013333999
0.0013392644
0.0014278671
0.0014068433
0.0015920331
0.0015577497
0.0013410571
0.0013552933
0.0013608731
0.0013373564
0.0013368509
0.001360264
0.001336149
0.0013754233
0.0014259429
0.0013378215
0.0015397636
0.0033021618
0.0013373755
0.0015066048
0.0013374477
0.0016405922
0.0013413721
0.0017031295
0.001130388
0.0013409033
0.0013616937
0.0013812096
0.0014706369
0.0013501452
0.0013786802
0.0014301267
0.0014715442
0.0020760735
0.002325541
0.0013521035
0.0013670458
0.0014233516
