0.0008598144
0.0008866109
0.0008921938
0.0010274134
0.0010288954
0.0008936786
0.0008618449
0.00086961803
0.00089418015
0.00089517416
0.00087354373
0.0009136917
0.0008638017
0.0009202799
0.00087777514
0.00087095395
0.0009838617
0.0007633945
0.0008716231
0.0011706327
0.00086398516
0.00090618024
0.0009068954
0.0009265397
0.0008955436
0.001081808
0.000976817
0.0008846784
0.0016401308
0.00086479564
0.00089120056
0.00086673594
0.00088606455
0.0010116686
0.00069432706
0.0009002429
0.00086085184
0.00087754475
0.0045009563
0.0008816318
0.0009390117
0.002381279
0.00069148286
0.0008898752
0.0008699645
0.0010823405
0.00087610143
0.000884504
0.00083843985
0.0008689827
0.0009827479
0.0010248331
0.00087919564
0.00089672615
0.00093659735
0.0008893514
0.0011220756
0.00088033575
0.0008597976
0.0010131737
0.000946814
0.00089573296
0.0008720991
0.0008619977
0.000871967
0.0009911102
0.0008722171
0.00089237327
0.0008734812
0.00086916576
0.0008709058
0.0008787053
0.0008912783
0.0010264096
0.0008743465
0.0008720671
0.0010963712
0.0008869091
0.0008605119
0.0008875271
0.00086921745
0.00087969465
0.0009851716
0.0010093647
0.001105731
0.001171563
0.00086768286
0.0008671407
0.00090459286
0.0008817128
0.0010025153
0.000742481
0.0008712955
0.0009862164
0.0012432963
0.0009410514
0.0008479685
0.0009800115
0.0008874011
0.0014485443
0.0008773517
0.0008930299
0.0009109826
0.0010034144
0.0008677185
0.0008710062
0.0006954926
0.0009288029
0.00086985674
0.0008877635
0.0014900997
0.00087649934
0.00088448875
0.0008945632
0.000868395
0.00088294025
0.0008821851
0.0008692804
0.00089733297
0.00089892803
0.0008643867
0.00074519264
0.0008616265
0.00086938526
0.0008637741
0.0011063695
0.00091260165
0.0008993895
0.0009088538
0.00092102465
0.00094784657
0.00086968637
0.00088810315
0.0008623222
0.0008693181
0.00088591
0.0009404993
0.0007911262
0.0011124442
0.00091655034
0.0014865346
0.000935566
0.00090359704
0.00072808337
0.00088239653
0.0007400675
0.0008812572
0.00085725397
0.0008695832
0.00091784296
0.0008825075
0.0013901012
0.000879026
0.0008641614
0.00072545913
0.00093699194
0.00088030467
0.000916722
0.0012464558
0.0008604156
0.0008624376
0.0008824933
0.0006929315
0.0008827094
0.00085664314
0.0008606345
0.000894882
0.0008979154
0.0010299309
0.0008920476
0.0017409555
0.0008873508
0.00088164944
0.0008854011
0.00090908154
0.0008958888
0.0011477848
0.0010807383
0.00087929785
0.0008988553
0.0008876548
0.0008938104
0.00086488883
0.000912259
0.0015950038
0.00086975726
0.0014126854
0.0007378898
0.0008841425
0.0010465751
0.00088636
0.0008671399
0.0009070039
0.00087042135
0.0010005006
0.0008737189
0.00089548674
0.000881363
0.00090885465
0.0008934937
0.000946332
0.00095382845
0.0008677945
0.00086904113
0.0009717858
0.00089639216
0.0008777213
0.0010024388
0.00086083263
0.0008986828
0.0008782876
0.00086567126
0.0009513897
0.0009748399
0.00087918347
0.00086342066
0.0010917453
0.00086540193
0.00088925095
0.00087717944
0.00087301445
0.00087366987
0.00091016316
0.00086474995
0.00073858874
0.0008669004
0.0008906683
0.00088030595
0.00088524586
0.0008852387
0.0010500342
0.00089147745
0.0009583571
0.00089680817
0.00071776094
0.0008830429
0.00086394814
0.0009417377
0.00092693354
0.0008896345
0.0008810587
0.00088095374
0.00078917015
0.0009892493
0.0009214789
0.0010140322
0.0008657892
0.0008691542
0.00088305725
0.0008862743
0.0008650697
0.00086276105
0.0008948386
0.0008637605
0.0014292423
0.0011418582
0.0008963272
0.0014033534
0.0009366045
0.0009666834
0.00086166186
0.00087081705
0.00072998705
0.0008642553
0.00086956
0.00086216937
0.0008621419
0.00091434404
0.00095241
0.00086217595
0.0008711652
0.0008823066
0.0009340535
0.0009286901
0.0008367187
0.00091803574
0.0009431038
0.001919253
0.0011002744
0.0009887208
0.0008743231
0.00086476066
0.0009891258
0.0008855661
0.00089231797
0.00096379616
0.0008701125
0.00088502915
0.0008755365
0.0008787245
0.0015612848
0.00088289735
0.0009140057
0.0011514659
0.000936112
0.0008600951
0.00090245873
0.00089231797
0.0009314669
0.00089466677
0.0010060698
0.00068807113
0.000865814
0.001398982
0.00087165844
0.0013878787
0.00087911397
0.00086897815
0.0009602797
0.000887566
0.00092140253
0.0008979872
0.00088556146
0.0011617735
0.0009011994
0.00090160524
0.0008970936
0.00085930864
0.00089521427
0.0008630485
0.0009802665
0.000739917
0.0008779596
0.00086773507
0.00086970173
0.00092547614
0.0010110954
0.00088195986
0.00089439884
0.00086154573
0.0011391563
0.0016171895
0.0008690192
0.000754373
0.00089817774
0.0009083724
0.0008646491
0.0008737735
0.0008714234
0.0010594139
0.00088234316
0.0009187253
0.001914901
0.00072107476
0.0010393849
0.00087235845
0.0009029919
0.0008649951
0.0008602639
0.00087123405
0.000677754
0.0008624936
0.000862609
0.00090312836
0.0010460664
0.0009869647
0.0008733422
0.0008910529
0.000914017
0.0007264945
0.0009559
0.00087424985
0.0008734887
0.00087165175
0.0008641947
0.0008669065
0.00088552514
0.0007748751
0.0007454104
0.00089960545
0.00087454723
0.0007083022
0.0009570518
0.00077105075
0.0009115262
0.0014416085
0.00087773544
0.00088010513
0.00094405585
0.0008811447
0.0008824886
0.00078440993
0.0008632446
0.0010261975
0.000779638
0.0009885965
0.0010052228
0.000757733
0.0010019577
0.0009081163
0.001151839
0.0008612547
0.0008602181
0.0009984109
0.0010817008
0.0008707564
0.00087746955
0.0011547584
0.00092330517
0.0008763107
0.0008743548
0.000894778
0.0008704412
0.0008700822
0.0009364858
0.00087787595
0.0008823873
0.00086039386
0.0008801148
0.0009975029
0.00089411717
0.0008622368
0.00086258515
0.00088067004
0.00087028614
0.0008680273
0.0008623148
0.0008848264
0.00089259865
0.0010351451
0.00086153875
0.00085883756
0.00087057106
0.0008906059
0.0013873873
0.0008783257
0.0009405069
0.0010945273
0.0008580806
0.0015048226
0.0009236263
0.00094155234
0.0008625296
0.00088264165
0.0009398695
0.0010155535
0.00087342056
0.00087455055
0.00094444363
0.0008915149
0.0008702787
0.0009940591
0.0019924424
0.00086041924
0.00087350875
0.001036941
0.001083273
0.0009622213
0.0009825246
0.0008740333
0.00087255705
0.0008793393
0.000897451
0.0008681866
0.00089478696
0.0009323086
0.0008802753
0.0009068673
0.0009395983
0.0008733182
0.0008921938
0.00088732963
0.00095705455
0.0008721543
0.00096801977
0.0009758193
0.00088470284
0.00089577906
0.0009986468
0.001171928
0.0008632775
0.000861011
0.0016251777
0.000966595
0.0008953337
0.0008618614
0.0009017767
0.0009083317
0.00090209505
0.00088400097
0.0008839993
0.00092905515
0.0012066477
0.0010037782
0.00075342896
0.0008773324
0.0009252443
0.000987688
0.00086215703
0.00086842483
0.0009469015
0.0008974347
0.0008667318
0.0008760944
0.0010539428
0.00090815086
0.0008587554
0.0010355499
0.0012246252
0.001090336
0.0010606317
0.00087423646
0.000893189
0.0011740482
0.00087050174
0.00087308604
0.00091364427
0.0023950327
0.00090479286
0.0013931745
0.0006787575
0.0008956622
0.00086694694
0.00088460173
0.001217742
0.0014001776
0.00095245085
0.00088175904
0.00092550175
0.0008945952
0.0010015955
0.0008748165
0.00089501805
0.00095687946
0.0008747064
0.00092380313
0.0013347861
0.0008967535
0.0011864168
0.0009099651
0.000896838
0.00087136816
0.00088656775
0.0008954694
0.00087310426
0.00071869895
0.000876582
0.0008746156
0.00092267984
0.0007229025
0.00089479465
0.0008822499
0.00075322005
0.00086799415
0.00086213736
0.0009273863
0.0008857733
0.0008865159
0.00088690326
0.000912726
0.0016251777
0.00089319074
0.00067864626
0.0007135117
0.0008675787
0.00091701193
0.000922468
0.0008653257
0.0008826589
0.00087534846
0.0009146468
0.0009808884
0.00086546876
0.00088996935
0.00089239486
0.0012959932
0.00086504535
0.00086399756
0.0011307072
0.0016251777
0.0008606817
0.00087131426
0.0007574236
0.00089071126
0.0010447358
0.00086934876
0.00088489254
0.0013791294
0.0010428926
0.000861116
0.0008655607
0.0008632355
0.000960448
0.00071146054
0.0008619722
0.00093471596
0.00088967255
0.00090854825
0.00150173
0.00071874895
0.0008706693
0.0008602959
0.0009302243
0.00086784165
0.0008854522
0.0008601774
0.00086241873
0.0013887013
0.0014789244
0.000897418
0.0008854488
0.0009633574
0.00072059664
0.001785387
0.00086240354
0.00089640834
0.0009769478
0.0008676263
0.00086905103
0.0010940322
0.0009124577
0.0008706947
0.0008689868
0.000865141
0.0008958644
0.00087354955
0.00090390834
0.00088118797
0.0006975556
0.0008752171
0.00086692953
0.00088582264
0.0009508668
0.000879963
0.0008603795
0.00087037066
0.0010220449
0.0010415929
0.0008784307
0.0008705615
0.0009098481
0.0008353987
0.0009990438
0.00095594773
0.0008817398
0.0009404823
0.000999257
0.0009122756
0.0010744577
0.0008904477
0.0008932145
0.0008791354
0.00086364115
0.0009075259
0.00086400413
0.00086452666
0.0012035856
0.0008669957
0.0016251777
0.0009201343
0.001062403
0.0009992474
0.00086233125
0.000814004
0.00087352126
0.000863684
0.0008790043
0.0008638247
0.00080409704
0.00075674755
0.00073565554
0.0008977093
0.00089477585
0.0008765215
0.00087682594
0.00091071357
0.0008706864
0.0008654296
0.000862035
0.00086044514
0.0013927838
0.0008456438
0.00090212433
0.0011425922
0.00090605195
0.0008977503
0.00088195986
0.0009403671
0.0008935602
0.0008824297
0.00094541593
0.0010256799
0.000871702
0.00088083034
0.00093174475
0.001388167
0.0008781193
0.00087453634
0.00070324866
0.0009847179
0.0009907953
0.00087505445
0.0011142313
0.0011102823
0.0008943139
0.0009099794
0.00086836773
0.00089645875
0.0010730968
0.00086133386
0.0008832659
0.00088030676
0.0008678483
0.00086391444
0.00089407794
0.00088539266
0.00089923484
0.00087716937
0.00069967617
0.00088493555
0.0008748469
0.0008645538
0.0008705117
0.0011234762
0.0014042223
0.0008978889
0.0016251777
0.00075303053
0.0008870646
0.00087797886
0.0009174647
0.0008642363
0.00088712637
0.0007369603
0.0010139844
0.0008613515
0.0011700691
0.0011396789
0.001119125
0.00085965585
0.0007212157
0.00086925767
0.0009172314
0.0012297707
0.0008616463
0.00086264306
0.00087519665
0.0008773797
0.00088504096
0.00072065566
0.0011463265
0.0009963387
0.00094849075
0.0008719421
0.0020254182
0.0009358071
0.0008872333
0.0009189371
0.0008849136
0.00089671504
0.00090833695
0.00072642765
0.0013455208
0.0016251777
0.0010006049
0.00090260623
0.0009827539
0.0006978552
0.0008600836
0.0009886294
0.0011534618
0.0009540384
0.0006784556
0.0008776367
0.00091323565
0.0012737942
0.0009662184
0.0008760736
0.0008656192
0.0010519329
0.00094760547
0.00087028363
0.00090118014
0.00069200166
0.0007211462
0.0008668334
0.0008854091
0.0009700371
0.00087077555
0.00095494057
0.0008963541
0.0009269402
0.0008855395
0.00095087406
0.0009067817
0.00095370255
0.00089679274
0.00089597754
0.0009613141
0.0013984571
0.0010768402
0.0008690217
0.00090815866
0.00090678816
0.0008656266
0.0007337302
0.000895876
0.0008654543
0.0008709597
0.0016682945
0.0008607731
0.00072311994
0.00097185955
0.0010253815
0.0008739883
0.0007161096
0.0008845899
0.00089275505
0.0007734188
0.00077691395
0.00089431263
0.00086381653
0.0008597346
0.00087088667
0.0014041748
0.0008987037
0.00068721594
0.00086883403
0.00088978704
0.0008957714
0.0008987466
0.000967126
0.0008711133
0.0008937014
0.0011393018
0.00088520796
0.00088297273
0.0009811429
0.00071625283
0.00092361926
0.0010491043
0.0007275265
0.00068499084
0.0016251777
0.0009044343
0.0009169801
0.00093501067
0.00087007304
0.0008727945
0.0008917591
0.0008854218
0.00090365176
0.00089596555
0.00085983536
0.0008683888
0.0008702977
0.0008676197
0.0008642924
0.00086015323
0.0008828305
0.0016251777
0.0008752413
0.0012376274
0.0008711922
0.0009126668
0.0008709316
0.00089622213
0.0008903243
0.0011005156
0.0007118759
0.00088453933
0.0009475978
0.0009944125
0.0011203683
0.0018017774
0.0008654922
0.00086910446
0.00087015843
0.00087637495
0.00089857524
0.00085873896
0.00086751836
0.0007146605
0.00089339627
0.0008688498
0.00094452454
0.0009089265
0.0015251733
0.0016251777
0.0010674802
0.00089516304
0.00086440524
0.0008859197
0.0010352766
0.00089475553
0.00092941284
0.00087466894
0.00090996554
0.0008909009
0.0008619184
0.0009992246
0.0008647717
0.0008829049
0.0014579027
0.0010341302
0.0008751933
0.0008689082
0.00086611137
0.00088980905
0.0009044036
0.00088638027
0.0017593739
0.000987942
0.000702077
0.0011897224
0.0009086079
0.000939887
0.0008596461
0.00094241305
0.00086549384
0.0012054554
0.00087005564
0.0017434442
0.000873108
0.0008839963
0.00088369264
0.0008767817
0.0007162211
0.0008838392
0.00088583736
0.0016251777
0.0008442457
0.00087955256
0.00086405524
0.0016251777
0.00087246654
0.0008797542
0.0008811241
0.0008654758
0.00089860614
0.00088554964
0.0009696434
0.0008822318
0.00090454455
0.00071222876
0.00087926985
0.0009203321
0.00095638377
0.000953599
0.0008948241
0.0008795723
0.00089985196
0.0012358846
0.0016251777
0.0009888249
0.0009300507
0.0018264377
0.00085995905
0.0009976494
0.0009095186
0.0009037279
0.0016251777
0.0008683148
0.00086914
0.0009734501
0.0008610135
0.0009550743
0.00089607784
0.00069353473
0.0008864693
0.0008676201
0.0008822145
0.00087743986
0.00089207693
0.0008965476
0.00088292855
0.00094357424
0.0013627796
0.0008637045
0.0008622368
0.0009516916
0.00095913216
0.00087472354
0.0009678575
0.0008817486
0.00089107914
0.0008677982
0.0010945273
0.00085822283
0.000861345
0.0009448473
0.00089658
0.0010094186
0.00087295
0.001047705
0.00088193925
0.0008682978
0.00069950614
0.00097510463
0.00067921437
0.0008748523
0.00091352547
0.00067902246
0.000970208
0.0008843004
0.0008805748
0.0014297344
0.00092193024
0.0016857481
0.00088519533
0.0008954062
0.0009436772
0.00086544035
0.0010274065
0.0016850847
0.00090854906
0.00088877155
0.0008656803
0.00088259124
0.0008951938
0.0009544839
0.000909471
0.00086208724
0.0008600853
0.0013975758
0.0008674713
0.0008978051
0.00091891957
0.00091715355
0.0008862502
0.0008635614
0.00088974636
0.0008623107
0.0008856618
0.00088727253
0.00088793354
0.00087254465
0.00068483513
0.0011475278
0.0008674601
0.0010767833
0.0016251777
0.00086095114
0.00096555037
0.00086630206
0.00090851396
0.0008971851
0.0007732302
0.0007427945
0.0010786266
0.00088832114
0.0008884337
0.0009274367
0.001194511
0.000949703
0.000869969
0.00087392796
0.001026148
0.0008835538
0.00089609664
0.001384457
0.00087128766
0.00086970755
0.0019223538
0.0010068322
0.00089017116
0.00088264834
0.0008690366
0.001054485
0.00085329
0.0009628738
0.00091767625
0.00089678844
0.0009858768
0.000677508
0.0008904647
0.00086441915
0.0010447904
0.00089298555
0.0008952185
0.00084868626
0.0011292826
0.00069297245
0.0008991106
0.00091473706
0.00090111187
0.0009891731
0.0011197894
0.0009545448
0.0008639704
0.00088145916
0.00087899214
0.0010181406
0.0007071977
0.0009646749
0.00087037275
0.0007201398
0.0009106437
0.0009112922
0.0009091063
0.0008734825
0.00092312036
0.0008942454
0.0009857693
0.0011390456
0.00090607605
0.00089895853
0.00087125774
0.0008605993
0.0009211931
0.0008869894
0.0008948117
0.0011224957
0.0008779144
0.00088249624
0.0009255921
0.00087382505
0.000896475
0.001039575
0.0016251777
0.00086161506
0.00086237973
0.00073396275
0.0008936705
0.000952842
0.0008598591
0.00089222274
0.00089227624
0.00078780483
0.0009463171
0.0008703222
0.00089489354
0.00094272464
0.0007019457
0.00088549097
0.00093831576
0.00086377945
0.0009285238
0.0010969313
0.0008651048
0.0008721141
0.0009503089
0.0008937343
0.0008645963
0.0012296805
0.000864553
0.00090460235
0.00088280987
0.0016251777
0.00095294055
0.00096687675
0.0009024269
0.0007228205
0.0009218653
0.00072578614
0.00088547624
0.00087944156
0.0014136981
0.0008921496
0.0008845006
0.00091802434
0.0014664535
0.00088280946
0.0008867846
0.0010489838
0.0008994876
0.0008655859
0.0010108901
0.00086860027
0.00068063283
0.0013218567
0.00086971954
0.0010164364
0.0008679905
0.0010281369
0.0011097806
0.0008680327
0.0008994422
0.00089565536
0.0008697366
0.0010952163
0.0010815221
0.000992081
0.0016251777
0.0011428572
0.00088024547
0.0008620494
0.00088087854
0.00071040285
0.000886409
0.00086025934
0.0014503644
0.000890247
0.00091664254
0.0019199748
0.0010169152
0.0009119344
0.0007020467
0.0008604845
0.0008617292
0.0010455712
0.0008723801
0.00088262185
0.0010018469
0.00093861273
0.00087444973
0.0009628568
0.0011253165
0.000731064
0.0010352185
0.0009937325
0.00086882623
0.0008635272
0.0008700051
0.00089900265
0.00097474986
0.00090405776
0.00089491444
0.00088241376
0.00084685336
0.00089863135
0.0008855972
0.0010061216
0.0009219799
0.001173166
0.0008946387
0.00089581753
0.00086264435
0.0008638625
0.001318732
0.0010792444
0.00087003864
0.00086348975
0.0008799327
0.0010569511
0.0009933388
0.00088943314
0.0009097327
0.00087909884
0.0008862283
0.001083644
0.0008690708
0.00073356135
0.00090831105
0.0013100548
0.0008771185
0.0009808864
0.0008603885
0.00072643463
0.0009205505
0.00069289893
0.00088553823
0.00086059765
0.0010165098
0.0008690009
0.001528561
0.00089605997
0.00087058224
0.0008784976
0.0012091692
0.0008870216
0.0010250186
0.00091080257
0.000870173
0.001037682
0.0008668987
0.0013606242
0.00076135737
0.0016251777
0.0011997633
0.00088034366
0.0009304389
0.0010662768
0.0008669936
0.0008607255
0.0008589387
0.0009941146
0.0009365706
0.00089501805
0.00087705534
0.0009192716
0.0009675588
0.0010674503
0.0011323813
0.00090367545
0.0008655021
0.00095800246
0.001188515
0.000878846
0.0008877348
0.00087099127
0.0010987872
0.00096832047
0.0008722038
0.00091511005
0.00087814283
0.00087973493
0.0008704072
0.00070386677
0.0009413586
0.0008857876
0.00088188937
0.000923716
0.00094064587
0.0010969777
0.0009513385
0.0008639103
0.0008819296
0.000949698
0.0007701178
0.00090593763
0.001094151
0.0007208501
0.0008760251
0.0013941216
0.0009847169
0.0009266029
0.00088478246
0.0009616658
0.0006953129
0.00096743065
0.00094775273
0.00086835737
0.0009780653
0.00087784586
0.00088034454
0.0008860679
0.00089744414
0.0016251777
0.00088331895
0.001912442
0.0008985714
0.0009083538
0.0013974673
0.00086372753
0.00086887425
0.0010175738
0.00093042204
0.00089748437
0.0011478673
0.00070800836
0.0008727857
0.000983567
0.00087155576
0.0009392524
0.0012311608
0.00094494096
0.00088070787
0.0008767408
0.0011444391
0.0011037398
0.0008947406
0.0017513109
0.0016251777
0.000701757
0.00092667615
0.0008588568
0.00087617955
0.00090116815
0.0009764425
0.0008708921
0.0007327079
0.0008613036
0.000878532
0.0009213067
0.0010288679
0.0008701925
0.00074318674
0.0011000292
0.0009001683
0.000959304
0.0010825178
0.0009064159
0.0007570685
0.0010134035
0.0008841732
0.00088548294
0.0010082772
0.0008669713
0.00088195986
0.0007807283
0.0009049588
0.0009607565
0.0008664638
0.0008866742
0.0009007038
0.0011529652
0.00086347817
0.0008772656
0.0009439623
0.00089790596
0.00073816825
0.0011311591
0.0009123794
0.0016251777
0.00088114344
0.0009546339
0.0008660305
0.00083127193
0.00087308936
0.0009940222
0.00086872437
0.000861093
0.00088058825
0.0011165029
0.00076199544
0.000859633
0.00090304064
0.001935125
0.0016251777
0.0010318113
0.0008731284
0.0008765341
0.00089301454
0.0008587627
0.00087201444
0.0012016424
0.0008411955
0.0008695451
0.0008657199
0.00093272614
0.0008865311
0.0008861827
0.0013293182
0.00090947404
0.00086769694
0.00094639295
0.0008839428
0.00086355646
0.0008649819
0.0016251777
0.001025804
0.0008860256
0.00071888394
0.0009991685
0.0007011046
0.0009871573
0.00090454717
0.00089548336
0.0008727999
0.0010031407
0.0008694448
0.00086540275
0.0009231679
0.0008951545
0.0009855115
0.0007043258
0.0008962119
0.00093026424
0.0008623843
0.0015124012
0.00088757405
0.0009020374
0.00088856363
0.00088845694
0.0007271407
0.0008850549
0.00089989125
0.0008623378
0.0011908228
0.0008668755
0.00094058306
0.0008620839
0.0008773963
0.0010685917
0.00089425093
0.0011960639
0.0009012961
0.00092629436
0.0008772635
0.00086861843
0.0019176444
0.0009085619
0.0018024362
0.00093200227
0.0008803219
0.00087559124
0.0010155526
0.0007503251
0.0008775113
0.0009028174
0.0008587365
0.0008698136
0.0008762171
0.00089549186
0.0008578802
0.0006950562
0.00069954817
0.0008679111
0.0008948458
0.0008761127
0.00088800496
0.0009470739
0.0008648134
0.0010389582
0.0010386681
0.0010305984
0.0009130386
0.00091783283
0.00069280143
0.0008771118
0.0016251777
0.00091507874
0.0009826944
0.00086639036
0.0008791031
0.0008951468
0.00092952
0.0011483261
0.0009962992
0.00089427736
0.0008860569
0.0011049912
0.0013879224
0.0014288451
0.000879287
0.00096105674
0.0011822461
0.00090817426
0.00086625497
0.0008621308
0.00089581497
0.00092267635
0.0009272043
0.00086291356
0.0014904418
0.0008867596
0.0011373883
0.0008787639
0.0009937703
0.00086709525
0.0009038718
0.0009802259
0.0008733876
0.0012086666
0.000921169
0.0016251777
0.00069840107
0.00089881115
0.0009499775
0.0008917672
0.00091131724
0.0009169447
0.0010079377
0.0008965668
0.00091278594
0.0008648645
0.0016251777
0.0008719085
0.0010326979
0.00097637
0.0013904321
0.00086293457
0.0008671391
0.0014021018
0.00087239454
0.0011832088
0.000887613
0.00069842575
0.0008822486
0.0009563591
0.0009138772
0.0008826753
0.00089393137
0.00097193447
0.0012948934
0.00092435523
0.00087696174
0.0009131317
0.00084842753
0.0009082339
0.00091618404
0.0012173263
0.0008851396
0.00086935214
0.0011065613
0.0009088494
0.00097521476
0.000869176
0.00087706745
0.0009275675
0.0007622678
0.00089658
0.00086744153
0.0016373107
0.0011130701
0.00090027123
0.0008870434
0.0008895128
0.0013304898
0.00093799405
0.0030567371
0.0009177939
0.0016251777
0.0008614438
0.0011507778
0.0008943199
0.00069859216
0.0009205298
0.00087145367
0.0010794008
0.0008794264
0.00088393776
0.0011111277
0.0008695161
0.00086278573
0.0008983784
0.0014171501
0.00090759294
0.000875864
0.00088399503
0.0012250013
0.0010053521
0.0014392108
0.0010765182
0.00086907373
0.0008698082
0.00086908496
0.0008793821
0.00086189917
0.00094397
0.0009025804
0.0008771252
0.0009504298
0.0007012977
0.0016251777
0.0008669061
0.0007887287
0.0011535047
0.0009143296
0.00085977145
0.00097539043
0.0009825345
0.0009164652
0.00089505897
0.000806701
0.0008695046
0.0010020646
0.0007050584
0.00095093745
0.0010728592
0.0008613285
0.0008676907
0.0012292262
0.00085987675
0.000859269
0.0008646416
0.0009440392
0.0009210347
0.0010591132
0.0010726394
0.0008712652
0.0008846501
0.00089487614
0.0008639605
0.00086127647
0.0008946753
0.0008623884
0.00089207565
0.00091101
0.0008620502
0.0009446609
0.0017996484
0.0008640025
0.0010021749
0.000861817
0.0010454636
0.0008671263
0.001108446
0.0007756726
0.0008686007
0.0008899549
0.0009216238
0.0009341705
0.0008846978
0.00091865746
0.0010402818
0.0010235421
0.0014164783
0.0016251777
0.00087892846
0.0009097094
0.00097581564
